xValue contrib
1409 5412.9
2044 7415.8
2361 8254
760 2639.2
3546 12803
2047 7257.6
1212 4243.3
2464 8434.2
642 2327.5
2361 8849.3
3011 10410
2955 9805.8
1406 5306.6
2351 8427.5
2227 7765.5
2040 7105.1
2332 8549.7
3205 10613
3651 12211
2660 8812.5
1214 4678.3
625 2026.6
1330 4584.5
2273 6950.9
685 2699.7
2246 6555.3
2851 9316.6
1961 6387.7
3626 14153
1992 6594.5
2922 9307.3
2018 6272.1
1693 6178.8
1091 3667.7
2738 9075.4
2473 8619.8
2623 9704
1257 4058.1
1998 6556.2
1783 6600.9
2776 9733.9
426 1445.1
1510 4940.6
2601 9766.7
1125 4184.6
1756 6243.2
3058 10963
1505 5724.2
1539 5478.1
1264 3964.4
1976 7923.1
2591 9528.4
1991 7200.9
1508 3150.5
2032 7732.5
1412 5238.7
1555 5508.4
1612 5843.8
1933 7730
989 3486.9
1681 5861.2
1936 6901
3233 12296
2307 8023
2380 8586.7
3218 12144
2618 9466.6
2026 7001.6
2327 8634.5
1688 6812.8
2406 8674.1
1066 3627.9
3961 13961
3490 12866
1944 6737.8
2556 8807
3692 13141
4029 14267
2769 9086.9
2540 8820.1
3687 14263
978 3527.7
2224 7518.8
2663 9202.2
2922 10689
1463 4947.9
2871 9800.5
2759 9203.2
2165 7666
1627 5667.6
1911 6178.7
1030 3753.6
982 3788.6
497 1615.7
238 820.02
1071 4124.4
1897 6813.9
1177 4036.9
400 1453.3
632 2287.3
770 2602.9
1363 4752.9
1501 5411.6
859 2930.4
727 2524
1165 4415.4
708 2665.5
472 1670.9
633 2418
295 1071
1548 5623.4
1475 5196.6
1626 6108.4
626 2211.1
941 3406.1
767 2768.5
997 3451.5
1491 5746.2
906 3197.5
645 2338.5
1422 4975.5
1697 6146.8
1941 6922.7
1386 4870.2
2399 8267.8
1153 3667.3
1412 4802.4
1192 4072.2
1642 6117.8
1107 3382.1
788 2370.7
1148 3621.1
805 2740.4
239 813.78
435 1429.5
411 1384.1
1212 4566
419 1359.3
398 1231.9
978 2934.6
534 1806.2
528 1557.9
974 3124.7
1097 3344.7
733 2761.3
581 1977
989 3101.1
441 1386.9
880 2981.8
192 662.74
559 1810.1
1224 4586.4
1184 3816.9
878 2910.6
998 3630.3
534 1847
411 1552.3
746 2626.7
359 1233.4
561 1982
613 2074.8
364 1288.7
146 524.3
290 1039.6
660 2265.9
473 1574.4
231 834.3
371 1339.6
599 1976.5
472 1637.2
1391 5130.9
925 3156.4
596 2093.4
644 2314.6
1772 6109.5
1181 4202.8
450 1580.3
1591 5499.8
757 2591.1
1565 5494.6
1344 4720.5
1331 4780.6
573 1888.3
827 2899.5
1011 3324.4
658 2456.4
170 596.06
712 2388.8
1193 4180.7
397 1362.5
1140 3800.2
397 1399
859 3068.4
579 1843.7
332 1106.6
432 1604.7
146 513.58
498 1766.2
693 2336.4
732 2662.5
929 3220.9
309 1117.4
415 1445.9
1149 3829.4
1972 7275.5
201 733.75
1104 3799.2
693 2341.3
1724 6318.5
1256 4258.1
651 2329.8
149 534.24
973 3318.4
1295 4446.8
834 3061.2
563 1882.2
1106 3818
585 2204.3
1029 3726.6
1467 5225.8
765 2786.6
1069 3736.9
1371 4817.2
892 3114.8
806 2954.4
1928 7192.8
383 1364.7
1446 4935.8
1245 4472
1589 5531.5
1077 3708.6
1203 3874.4
1905 7192.4
1674 5613.9
1284 4162.8
1525 5013.2
2070 8253.8
1875 5874.4
664 2209.6
1445 4542.6
2334 8362.1
1690 5269.6
1439 4639.4
1127 3516.3
1056 3710.9
1946 6722.4
943 3130.5
3174 11922
1747 6208.3
1174 3902.8
2481 9413.5
1254 4525.7
616 2029.5
1853 6562.3
2237 7778.4
2608 8040.4
1272 4137.6
1789 6325.4
1383 4476.2
1584 5349.6
2462 8595.9
2864 10177
3232 11143
510 1824.3
921 3131.6
3084 11508
1468 5102.5
1089 3811.3
1917 6511.6
1188 4378.9
2319 8170.8
1905 6834
3239 11564
1696 6485.5
2604 8810.2
1747 6452.3
5524 19971
2093 7581
1802 6384.3
2563 9011.7
3751 13038
2602 9281
2457 7969
3812 14047
4905 16711
2644 9391.6
1545 5367.3
2752 10482
3932 13203
2820 9697.6
1580 5533.7
3982 14705
2729 8966.4
2299 8533.4
2475 8515.3
3644 13368
3626 13032
2570 9458.2
3687 13332
4270 16118
3625 13785
2740 9879.9
4373 15345
5692 20500
3851 13159
2916 10186
4036 15357
2749 9847.5
3270 12187
2486 9130.8
4788 15594
4042 15158
4733 17125
4683 15387
4801 16677
4994 17608
3617 11524
4798 16293
5474 18726
5756 18079
5173 18808
3997 14909
5393 19202
5634 21377
4481 15680
5256 17576
5838 19112
6078 21189
5320 18825
4557 16047
5135 17571
6387 22322
7515 25213
5599 18887
6251 21263
6653 22539
6545 23174
4224 14661
5924 19853
7695 26150
5751 19786
5801 20378
4933 16623
6724 24023
6179 21696
6027 21832
6884 22143
5292 19955
4944 16668
6442 20586
6224 20057
5862 22340
4292 14326
8665 29837
9268 34055
6409 22395
6906 24704
7451 24423
8074 29814
6429 23808
7136 24416
5169 18791
6605 23962
6961 23835
6691 22713
6571 23595
8791 30149
6148 20768
5938 20917
8953 30414
9322 32344
5508 20783
8378 28758
7253 27653
8297 30692
7411 24010
6215 22184
9245 31019
6895 22131
8098 26883
7287 24289
6171 22238
6864 23187
6765 22509
5778 18674
6774 25438
6942 24438
8655 28477
6092 22719
9065 32553
8585 29871
8544 31387
7057 26114
8510 28856
8835 31021
7762 29616
7738 27914
7895 26283
7492 25294
8662 31795
9141 31480
9183 31351
7853 28361
7542 25589
7733 26855
7282 25361
7594 28087
9338 32029
8704 30880
8202 29669
9337 33150
8618 31348
8573 28222
8570 30395
10707 34668
9631 31576
9242 31313
9840 36027
9785 35700
9390 31859
7376 26698
10907 37377
7503 25842
8959 27987
9029 28240
9046 31673
8339 28704
8679 30063
9093 31276
10038 35277
7969 27118
9129 31485
10874 37977
10398 33006
10236 34459
11222 39787
9814 31641
9909 34899
9447 31090
9900 35307
10792 36361
8607 30584
10331 34420
9367 33452
11491 34394
9235 30151
9016 29970
11159 35044
11326 35654
9153 29688
9699 32316
11258 37970
10909 34623
9450 31408
10148 31166
12191 37281
10507 35896
11266 38585
9665 31598
12028 37539
9948 31133
7778 26250
11723 38292
11756 39966
9043 30681
10378 31720
9918 31156
11466 35672
9420 30031
8703 29473
9221 33376
10719 35845
11552 37746
9905 32909
11807 35791
11423 36870
9008 29476
10089 33350
9835 33563
10948 33581
9637 33292
10244 31985
12751 43751
10797 35677
9626 32272
11710 40267
10322 33553
10954 33310
11804 36286
10560 33601
10540 35134
10694 34595
11476 35606
10445 33049
10060 33790
9944 32498
11070 35010
11276 36085
11292 35789
10553 33857
12802 39265
9898 32116
9734 32903
11791 36433
10738 33554
10553 33262
10391 32456
11901 33714
11133 36507
11014 35836
11568 29380
11981 30416
10164 31143
11782 34400
12474 34652
10363 32349
12855 38164
11383 36195
11571 37759
11655 37655
11718 36455
10879 35692
11787 37949
11605 35140
11701 39438
10369 31503
12952 39093
13051 41734
10597 33850
12224 40256
10609 31561
12393 36983
11364 36793
12418 38955
10031 35120
11832 37644
12039 39984
12652 38570
10451 34227
11897 35348
9715 31217
11068 33030
10822 33126
10202 32538
11936 33432
10907 35997
10542 33930
10772 32667
11199 32308
10575 31927
10164 30510
10414 31872
12181 36609
10565 33656
10491 32764
11414 32906
11997 33928
10688 31077
10636 35678
11843 33781
12284 37191
10832 34095
10826 31080
12945 32256
11689 36876
10680 32171
11020 34189
12370 32879
12733 38766
10922 32926
11483 34541
12627 31617
12201 37064
11790 33480
11521 33045
11014 34753
11481 32655
11773 34803
13148 36950
11326 32962
12081 35640
12365 37636
11454 31452
10776 31177
11730 35809
12794 38484
13739 40055
13818 40042
13176 31430
14686 34910
13291 39425
13083 36846
12939 39468
13908 43786
12783 40157
13954 45402
12107 40709
13763 44274
13054 45098
12038 43363
12593 40903
13589 49120
12763 41995
13129 47382
12872 41643
13300 40394
12830 42962
11573 38218
13181 43734
13581 45287
13050 39012
12068 41022
12837 39935
13244 45542
13439 41729
14011 45451
13679 45728
12642 37817
12670 44566
14144 45973
13223 46119
11997 40378
13193 43832
12857 45307
13760 43496
13268 46637
13877 44858
12360 40081
13292 44241
12506 43215
13815 45247
12611 42421
13041 46616
12806 45611
13703 43965
13214 43923
12702 40593
13596 46959
12949 40609
12655 32270
13267 44861
13657 42975
13513 46984
12325 38826
21810 69967
13906 40545
13416 35244
13664 36015
12365 35023
13993 37727
13862 39635
14043 42167
13707 37253
14620 41680
13822 36522
13938 43233
13465 40704
13183 42725
13234 44017
12704 43030
12707 41588
13812 42766
13821 45238
13241 45002
13127 44793
12946 39410
13098 41501
13204 39377
12905 37179
13278 44408
14503 44330
13217 40514
12890 41119
13390 42385
13921 44735
12874 36015
13091 34050
11709 32288
12390 32218
11023 34575
11210 33646
12258 36160
11415 35902
11756 36112
9712 31816
12577 32480
10404 30252
10982 34207
11240 35264
11520 35312
10898 38463
9277 31638
11471 38885
9952 33894
12390 35867
11086 38175
12118 39243
11442 34784
10938 33336
11247 29228
9805 27593
8364 26496
12232 37843
11119 33611
11517 36089
10449 32728
11685 36200
10155 32828
10674 34812
10198 33992
12237 43228
