xValue contrib
3.3562e+06 1.2893e+07
3.242e+06 1.1762e+07
3.3588e+06 1.1742e+07
3.2564e+06 1.1308e+07
3.6519e+06 1.3185e+07
3.4929e+06 1.2384e+07
3.6001e+06 1.2604e+07
3.3502e+06 1.1468e+07
3.5173e+06 1.2751e+07
3.1352e+06 1.1751e+07
3.2919e+06 1.1381e+07
3.4815e+06 1.1553e+07
3.3479e+06 1.2636e+07
3.5057e+06 1.2567e+07
2.7571e+06 9.614e+06
3.2947e+06 1.1475e+07
3.4994e+06 1.283e+07
3.2089e+06 1.0626e+07
3.1761e+06 1.0623e+07
3.3264e+06 1.102e+07
3.8597e+06 1.4874e+07
3.3469e+06 1.0853e+07
2.911e+06 1.0034e+07
3.0757e+06 9.4058e+06
3.3061e+06 1.303e+07
3.1699e+06 9.252e+06
3.1675e+06 1.0351e+07
3.4045e+06 1.109e+07
3.5197e+06 1.3738e+07
3.3904e+06 1.1224e+07
3.2053e+06 1.021e+07
3.2858e+06 1.0213e+07
3.6088e+06 1.3171e+07
3.2974e+06 1.1085e+07
3.5804e+06 1.1868e+07
3.755e+06 1.3088e+07
3.6136e+06 1.3369e+07
3.2895e+06 1.062e+07
3.4921e+06 1.1459e+07
3.4844e+06 1.29e+07
3.3831e+06 1.1863e+07
3.755e+06 1.2738e+07
3.5789e+06 1.171e+07
3.678e+06 1.3811e+07
3.3086e+06 1.2307e+07
3.683e+06 1.3095e+07
3.3359e+06 1.1959e+07
3.3357e+06 1.2687e+07
3.8345e+06 1.3649e+07
3.6502e+06 1.1449e+07
3.3336e+06 1.3367e+07
3.4698e+06 1.276e+07
3.3946e+06 1.2277e+07
3.5383e+06 7.3923e+06
3.7182e+06 1.4149e+07
3.6053e+06 1.3376e+07
3.2097e+06 1.137e+07
3.557e+06 1.2895e+07
3.4852e+06 1.3937e+07
3.4885e+06 1.2299e+07
3.4739e+06 1.2113e+07
3.543e+06 1.2629e+07
3.2327e+06 1.2295e+07
3.4069e+06 1.1848e+07
3.3101e+06 1.1942e+07
3.418e+06 1.2899e+07
3.8032e+06 1.3752e+07
3.3594e+06 1.161e+07
3.2927e+06 1.2218e+07
3.2434e+06 1.3091e+07
3.3191e+06 1.1966e+07
3.463e+06 1.1786e+07
3.8289e+06 1.3496e+07
3.4169e+06 1.2596e+07
3.5611e+06 1.2343e+07
3.518e+06 1.2122e+07
4.0935e+06 1.457e+07
3.2172e+06 1.1392e+07
3.7115e+06 1.218e+07
3.3389e+06 1.1594e+07
3.8772e+06 1.4999e+07
3.2792e+06 1.1828e+07
3.5843e+06 1.2118e+07
3.5226e+06 1.2173e+07
3.7581e+06 1.3747e+07
3.7317e+06 1.2621e+07
3.3933e+06 1.1583e+07
3.7095e+06 1.2374e+07
4.1209e+06 1.4592e+07
3.4948e+06 1.2174e+07
4.6458e+06 1.5021e+07
5.1103e+06 1.8623e+07
5.0015e+06 1.9296e+07
5.5341e+06 1.7991e+07
4.7656e+06 1.642e+07
5.4603e+06 2.1027e+07
5.3919e+06 1.9367e+07
5.0198e+06 1.7217e+07
4.9806e+06 1.8096e+07
5.5487e+06 2.0081e+07
5.4146e+06 1.8303e+07
5.2869e+06 1.8436e+07
5.6131e+06 2.0237e+07
5.4029e+06 1.8431e+07
5.655e+06 1.9633e+07
4.9049e+06 1.859e+07
5.2707e+06 1.9843e+07
5.7867e+06 2.0485e+07
4.9521e+06 1.8917e+07
5.1595e+06 1.8732e+07
5.2404e+06 1.9037e+07
4.8097e+06 1.6945e+07
5.1498e+06 1.9346e+07
5.3671e+06 1.8957e+07
5.5001e+06 1.9908e+07
5.0662e+06 1.8287e+07
5.7413e+06 1.9876e+07
5.2734e+06 2.0323e+07
5.0711e+06 1.7897e+07
4.9144e+06 1.7817e+07
5.112e+06 1.7887e+07
5.3098e+06 1.9233e+07
4.8014e+06 1.7125e+07
4.7443e+06 1.6671e+07
5.0351e+06 1.7353e+07
5.2876e+06 1.6818e+07
5.1544e+06 1.7531e+07
5.1676e+06 1.7654e+07
5.3477e+06 1.9925e+07
5.3733e+06 1.6417e+07
6.0731e+06 1.8271e+07
5.7895e+06 1.8262e+07
6.5817e+06 2.2406e+07
5.7803e+06 1.9681e+07
5.8358e+06 1.9178e+07
5.6584e+06 1.9055e+07
6.2389e+06 2.3504e+07
6.1309e+06 1.989e+07
5.7713e+06 1.7864e+07
6.0842e+06 1.8256e+07
6.634e+06 2.2439e+07
5.806e+06 1.7131e+07
5.6781e+06 1.8216e+07
6.247e+06 1.9047e+07
5.7469e+06 2.1649e+07
5.6696e+06 1.9292e+07
6.2168e+06 1.9493e+07
6.3048e+06 1.9828e+07
6.6348e+06 2.2482e+07
5.305e+06 1.8312e+07
5.6841e+06 1.8406e+07
5.7075e+06 2.1386e+07
6.1689e+06 1.9887e+07
5.8495e+06 1.9391e+07
6.0041e+06 2.0254e+07
6.0203e+06 2.1899e+07
6.3039e+06 2.1804e+07
5.3296e+06 1.7738e+07
6.2165e+06 2.3479e+07
5.99e+06 2.1091e+07
5.9022e+06 2.0278e+07
5.9674e+06 2.1083e+07
6.963e+06 2.3568e+07
6.6852e+06 2.3668e+07
5.9209e+06 2.1263e+07
6.0026e+06 2.1517e+07
6.4128e+06 2.2016e+07
6.2379e+06 2.2515e+07
6.5807e+06 2.2954e+07
5.9513e+06 1.981e+07
6.4379e+06 2.3696e+07
6.063e+06 2.1898e+07
5.7663e+06 1.9404e+07
6.3708e+06 2.4293e+07
6.1904e+06 2.2352e+07
5.8379e+06 1.9263e+07
6.676e+06 2.3157e+07
6.1819e+06 2.2803e+07
6.1195e+06 2.0882e+07
6.1708e+06 2.1674e+07
6.1154e+06 2.1979e+07
5.8551e+06 2.0187e+07
6.1346e+06 2.1831e+07
6.0491e+06 2.1243e+07
6.5911e+06 2.2784e+07
6.2812e+06 2.1499e+07
5.9893e+06 2.1028e+07
6.0894e+06 2.1388e+07
6.7553e+06 2.4263e+07
5.9334e+06 1.9553e+07
5.7337e+06 2.0102e+07
6.3165e+06 2.077e+07
6.2239e+06 2.3235e+07
5.67e+06 1.988e+07
6.1953e+06 2.0786e+07
5.6765e+06 2.0505e+07
6.3301e+06 2.2183e+07
6.1669e+06 2.1165e+07
6.1637e+06 2.0547e+07
6.7318e+06 2.3722e+07
6.3992e+06 2.2859e+07
6.3024e+06 2.0069e+07
5.8951e+06 1.965e+07
5.5267e+06 2.0529e+07
6.3265e+06 2.2255e+07
5.705e+06 2.0233e+07
5.7517e+06 1.9391e+07
5.6515e+06 2.0556e+07
5.751e+06 1.9939e+07
5.704e+06 2.0628e+07
5.8761e+06 2.0473e+07
5.4805e+06 1.8265e+07
5.6809e+06 2.0959e+07
5.8831e+06 2.1476e+07
5.7382e+06 1.9747e+07
6.1199e+06 2.0676e+07
5.7533e+06 2.1086e+07
5.7898e+06 1.9629e+07
5.9568e+06 2.1318e+07
6.2789e+06 2.2513e+07
5.856e+06 1.9972e+07
6.2465e+06 2.1449e+07
5.9494e+06 2.1837e+07
5.8569e+06 1.9581e+07
5.9287e+06 2.0466e+07
6.2331e+06 2.3486e+07
5.6035e+06 2.0294e+07
5.7003e+06 2.0306e+07
5.677e+06 2.0679e+07
5.9169e+06 2.0684e+07
5.7051e+06 2.0046e+07
5.6091e+06 1.9586e+07
5.5412e+06 2.0311e+07
5.7378e+06 2.1406e+07
5.5415e+06 1.9745e+07
5.176e+06 1.7668e+07
6.1462e+06 2.2077e+07
5.9052e+06 2.0557e+07
5.1149e+06 1.7613e+07
5.313e+06 1.7111e+07
5.5824e+06 2.1076e+07
5.3998e+06 1.8109e+07
5.1444e+06 1.6678e+07
5.3103e+06 1.7457e+07
5.65e+06 2.2528e+07
5.6541e+06 1.7714e+07
5.1578e+06 1.7163e+07
5.2345e+06 1.6456e+07
6.1638e+06 2.2083e+07
4.8078e+06 1.4991e+07
5.5306e+06 1.7831e+07
5.5979e+06 1.7466e+07
6.0783e+06 2.136e+07
5.6027e+06 1.9354e+07
5.4675e+06 1.815e+07
5.5022e+06 2.0668e+07
5.697e+06 2.0245e+07
5.4885e+06 1.8245e+07
6.0527e+06 2.2965e+07
5.1877e+06 1.8723e+07
5.1283e+06 1.6896e+07
5.2585e+06 1.8623e+07
5.4635e+06 1.8997e+07
5.3227e+06 1.641e+07
5.3339e+06 1.735e+07
5.5449e+06 1.9605e+07
5.1424e+06 1.6644e+07
5.2083e+06 1.759e+07
4.6666e+06 1.6293e+07
5.2169e+06 1.8537e+07
5.1403e+06 1.7723e+07
4.909e+06 1.756e+07
4.8908e+06 1.663e+07
5.6135e+06 2.0948e+07
5.4131e+06 1.8815e+07
5.0667e+06 1.7732e+07
4.7637e+06 1.6181e+07
4.8412e+06 1.7844e+07
4.9212e+06 1.7339e+07
4.9548e+06 1.7775e+07
5.0656e+06 1.8085e+07
5.0403e+06 1.9274e+07
4.7121e+06 1.5943e+07
5.1922e+06 1.9177e+07
4.8342e+06 1.7477e+07
4.8691e+06 1.7636e+07
5.1828e+06 1.8362e+07
5.2767e+06 1.8553e+07
5.0295e+06 1.7482e+07
5.0123e+06 1.7878e+07
5.2484e+06 1.7023e+07
5.0288e+06 1.8531e+07
4.6039e+06 1.5685e+07
4.6487e+06 1.6512e+07
4.2169e+06 1.4649e+07
4.6671e+06 1.7776e+07
4.2534e+06 1.4283e+07
4.899e+06 1.6847e+07
4.6288e+06 1.6211e+07
4.9997e+06 1.8464e+07
4.5914e+06 1.5085e+07
3.9888e+06 1.4805e+07
4.2769e+06 1.4715e+07
4.6435e+06 1.7035e+07
4.1294e+06 1.4842e+07
4.3569e+06 1.6034e+07
4.7016e+06 1.7e+07
4.6441e+06 1.753e+07
4.5193e+06 1.7186e+07
4.151e+06 1.4968e+07
4.6612e+06 1.6357e+07
4.8224e+06 1.7369e+07
4.6829e+06 1.6002e+07
4.6712e+06 1.6317e+07
4.7044e+06 1.79e+07
4.0464e+06 1.4495e+07
4.2404e+06 1.5803e+07
4.4339e+06 1.6285e+07
4.3343e+06 1.4116e+07
4.241e+06 1.5904e+07
4.1711e+06 1.5092e+07
4.2849e+06 1.4079e+07
3.8342e+06 1.3319e+07
4.2337e+06 1.4928e+07
4.2251e+06 1.3462e+07
4.4694e+06 1.5177e+07
4.0242e+06 1.3766e+07
4.1736e+06 1.3109e+07
4.1315e+06 1.5021e+07
4.1754e+06 1.5574e+07
4.014e+06 1.4292e+07
3.8437e+06 1.4584e+07
4.0301e+06 1.4102e+07
4.0231e+06 1.3454e+07
3.8501e+06 1.2604e+07
4.0301e+06 1.405e+07
3.9557e+06 1.3998e+07
3.9984e+06 1.408e+07
3.7683e+06 1.2894e+07
4.1198e+06 1.4398e+07
3.99e+06 1.3387e+07
4.2939e+06 1.4484e+07
4.051e+06 1.378e+07
4.1718e+06 1.4133e+07
4.0446e+06 1.4321e+07
3.5749e+06 1.2408e+07
4.1033e+06 1.3751e+07
4.0078e+06 1.362e+07
3.9427e+06 1.3564e+07
3.6785e+06 1.2922e+07
3.7335e+06 1.2581e+07
4.1852e+06 1.4952e+07
3.6249e+06 1.2728e+07
3.6037e+06 1.3054e+07
3.7697e+06 1.2126e+07
3.6526e+06 1.3773e+07
3.6109e+06 1.2173e+07
3.5291e+06 1.1278e+07
3.5059e+06 1.1298e+07
3.6802e+06 1.4025e+07
3.5657e+06 1.1901e+07
3.5188e+06 1.2117e+07
3.6816e+06 1.3528e+07
3.6878e+06 1.2886e+07
3.2882e+06 1.1762e+07
3.5963e+06 1.1788e+07
3.4701e+06 1.2814e+07
3.5916e+06 1.33e+07
3.6296e+06 1.2419e+07
3.3301e+06 1.2106e+07
3.7993e+06 1.3783e+07
3.4788e+06 1.1912e+07
3.9624e+06 1.3451e+07
3.76e+06 1.3501e+07
3.8487e+06 1.3199e+07
3.7393e+06 1.2631e+07
3.4244e+06 1.2063e+07
3.806e+06 1.2929e+07
3.6895e+06 1.2801e+07
3.1645e+06 1.194e+07
3.2052e+06 1.1002e+07
3.0242e+06 1.153e+07
3.4531e+06 1.2774e+07
3.1851e+06 1.0319e+07
3.4829e+06 1.2432e+07
3.3222e+06 1.1147e+07
2.9591e+06 9.4976e+06
3.4631e+06 1.1497e+07
3.2481e+06 1.0826e+07
3.3339e+06 1.2014e+07
3.4789e+06 1.1752e+07
3.2557e+06 1.0833e+07
3.3011e+06 1.0669e+07
3.0638e+06 1.1505e+07
3.2872e+06 1.1572e+07
3.5168e+06 1.1571e+07
2.9796e+06 1.1112e+07
2.996e+06 1.0759e+07
3.1977e+06 1.1126e+07
3.069e+06 1.1274e+07
3.0945e+06 1.1451e+07
2.8178e+06 9.5547e+06
3.1074e+06 1.091e+07
2.9721e+06 1.134e+07
2.8053e+06 1.012e+07
3.1771e+06 1.0577e+07
2.8322e+06 9.562e+06
2.7831e+06 1.0216e+07
3.0404e+06 1.047e+07
2.9342e+06 1.0017e+07
2.6355e+06 9.5179e+06
2.8483e+06 9.6639e+06
2.8787e+06 9.997e+06
2.8633e+06 9.9721e+06
2.6719e+06 9.8822e+06
2.8908e+06 9.9152e+06
2.6291e+06 9.3275e+06
2.609e+06 9.4376e+06
2.9425e+06 1.0447e+07
2.699e+06 9.8175e+06
2.6305e+06 8.6594e+06
3.009e+06 1.0672e+07
2.7791e+06 8.9984e+06
2.9157e+06 9.5593e+06
2.7002e+06 9.1485e+06
2.5228e+06 9.2366e+06
2.9981e+06 1.0938e+07
2.6431e+06 8.9676e+06
2.6388e+06 9.5515e+06
2.7891e+06 9.5577e+06
2.7074e+06 9.3249e+06
3.0977e+06 9.6771e+06
2.7496e+06 8.5999e+06
2.7928e+06 9.7783e+06
2.8778e+06 9.9056e+06
3.1381e+06 1.087e+07
2.7885e+06 9.5911e+06
2.7738e+06 9.748e+06
2.7155e+06 9.2404e+06
2.7345e+06 9.4312e+06
2.6437e+06 9.233e+06
2.5137e+06 7.9792e+06
2.8061e+06 9.4466e+06
2.6799e+06 9.5014e+06
2.5614e+06 8.2581e+06
2.3756e+06 8.3669e+06
2.6205e+06 8.6239e+06
2.4277e+06 8.6581e+06
2.6286e+06 8.8565e+06
2.725e+06 9.6832e+06
2.4524e+06 8.1708e+06
2.4653e+06 8.8043e+06
2.5902e+06 7.7528e+06
2.4134e+06 7.8793e+06
2.5074e+06 8.3348e+06
2.4178e+06 7.5928e+06
2.739e+06 8.6224e+06
2.4286e+06 7.8772e+06
2.4286e+06 8.0919e+06
2.2709e+06 7.659e+06
2.5335e+06 8.0409e+06
2.3105e+06 7.679e+06
2.4175e+06 7.4244e+06
2.5303e+06 7.7378e+06
2.4941e+06 8.5209e+06
2.3938e+06 8.1984e+06
2.2084e+06 7.2198e+06
2.2753e+06 7.1011e+06
2.2269e+06 6.9693e+06
2.1957e+06 7.4102e+06
2.5744e+06 8.409e+06
2.4959e+06 8.4851e+06
2.369e+06 8.0377e+06
2.5111e+06 7.6749e+06
2.1686e+06 6.8122e+06
2.4731e+06 7.6943e+06
2.2337e+06 7.1211e+06
2.1443e+06 7.2617e+06
2.1433e+06 7.7575e+06
2.3806e+06 7.9607e+06
2.2611e+06 7.3882e+06
2.106e+06 6.9971e+06
2.0648e+06 6.2592e+06
2.1901e+06 7.0691e+06
1.9838e+06 6.4915e+06
2.0513e+06 6.7806e+06
2.2316e+06 7.6156e+06
2.1459e+06 6.5823e+06
2.0476e+06 7.0738e+06
2.2487e+06 7.0212e+06
2.2372e+06 7.6764e+06
2.1289e+06 7.0346e+06
2.3842e+06 7.9933e+06
2.3126e+06 7.9521e+06
2.4688e+06 8.0253e+06
2.5468e+06 7.7445e+06
2.3058e+06 7.0881e+06
2.2633e+06 7.2014e+06
2.2419e+06 7.4731e+06
2.1788e+06 7.0483e+06
2.3236e+06 7.2095e+06
2.0889e+06 6.6096e+06
2.057e+06 6.9092e+06
2.0655e+06 6.7503e+06
2.0225e+06 6.3965e+06
2.0064e+06 6.4207e+06
2.046e+06 6.4847e+06
2.0816e+06 6.6786e+06
2.098e+06 6.4348e+06
1.9763e+06 6.4124e+06
2.0529e+06 6.9393e+06
2.1217e+06 6.5558e+06
2.1771e+06 6.803e+06
2.0979e+06 6.6125e+06
1.9199e+06 5.9968e+06
2.1019e+06 5.9544e+06
1.9686e+06 6.4552e+06
1.9318e+06 6.2855e+06
2.0861e+06 5.2981e+06
1.9188e+06 4.8712e+06
1.8765e+06 5.7497e+06
1.8445e+06 5.3854e+06
1.9967e+06 5.5467e+06
1.9038e+06 5.9428e+06
2.0051e+06 5.9526e+06
1.9757e+06 6.2823e+06
1.8366e+06 5.9933e+06
1.8494e+06 5.9751e+06
1.9986e+06 6.2175e+06
1.8121e+06 5.9451e+06
1.8632e+06 5.9986e+06
1.7321e+06 5.2448e+06
2.0523e+06 6.9174e+06
1.8393e+06 5.588e+06
1.9331e+06 5.8346e+06
1.9034e+06 6.0866e+06
1.8e+06 5.7496e+06
1.7588e+06 5.7921e+06
1.9739e+06 5.8722e+06
1.6807e+06 5.0157e+06
1.7889e+06 5.7918e+06
1.8121e+06 5.6846e+06
1.8144e+06 6.3524e+06
2.0289e+06 6.4551e+06
1.9297e+06 6.4089e+06
1.7954e+06 5.4732e+06
1.8942e+06 6.2035e+06
1.7579e+06 5.2231e+06
1.8082e+06 5.8101e+06
1.6944e+06 5.0567e+06
2.0389e+06 6.2411e+06
1.9452e+06 6.2041e+06
1.9139e+06 5.3608e+06
2.0133e+06 6.6447e+06
1.9939e+06 6.4174e+06
2.049e+06 6.2138e+06
2.2172e+06 6.3964e+06
2.0161e+06 6.0868e+06
1.899e+06 5.7005e+06
1.9412e+06 5.941e+06
2.0396e+06 6.1297e+06
1.9204e+06 6.1178e+06
1.8894e+06 5.9008e+06
1.7734e+06 5.1126e+06
1.8306e+06 5.1771e+06
1.7605e+06 5.1189e+06
1.7745e+06 5.9526e+06
1.9915e+06 5.6805e+06
1.5878e+06 4.8073e+06
1.7454e+06 5.4937e+06
1.8258e+06 5.2416e+06
1.9645e+06 4.8952e+06
1.7305e+06 5.4594e+06
1.7225e+06 5.1886e+06
1.787e+06 5.544e+06
1.78e+06 4.7311e+06
1.7816e+06 5.4242e+06
1.6192e+06 4.8814e+06
1.7102e+06 5.1444e+06
1.8582e+06 4.6527e+06
1.7658e+06 5.3643e+06
1.7836e+06 5.0649e+06
1.7729e+06 5.0853e+06
1.8755e+06 5.9176e+06
1.7949e+06 5.1051e+06
1.6705e+06 4.9384e+06
1.6879e+06 4.7436e+06
1.6125e+06 4.6929e+06
1.7337e+06 5.1145e+06
1.7897e+06 5.4476e+06
1.8672e+06 5.1273e+06
1.5538e+06 4.4955e+06
1.7039e+06 5.2016e+06
2.0271e+06 6.0977e+06
1.921e+06 5.6005e+06
1.8946e+06 5.4901e+06
1.9549e+06 4.6633e+06
1.7717e+06 4.2114e+06
1.582e+06 4.6927e+06
1.4094e+06 3.9693e+06
1.4598e+06 4.4528e+06
1.4248e+06 4.4857e+06
1.4591e+06 4.5836e+06
1.6912e+06 5.5028e+06
1.3687e+06 4.602e+06
1.5269e+06 4.9118e+06
1.5378e+06 5.3126e+06
1.5486e+06 5.5784e+06
1.5864e+06 5.1529e+06
1.7623e+06 6.3703e+06
1.5079e+06 4.9616e+06
1.4397e+06 5.1959e+06
1.6916e+06 5.4725e+06
1.5562e+06 4.7264e+06
1.6161e+06 5.4118e+06
1.4663e+06 4.8422e+06
1.7466e+06 5.7952e+06
1.518e+06 5.062e+06
1.5618e+06 4.6689e+06
1.4703e+06 4.998e+06
1.7421e+06 5.4197e+06
1.4994e+06 5.1558e+06
1.6065e+06 4.9881e+06
1.7971e+06 5.8297e+06
1.5152e+06 5.0653e+06
1.6104e+06 4.8172e+06
1.4116e+06 4.9652e+06
1.6523e+06 5.3705e+06
1.7977e+06 6.2698e+06
1.5425e+06 5.1917e+06
1.4861e+06 4.9373e+06
1.7629e+06 6.2122e+06
1.6663e+06 5.2672e+06
1.7072e+06 6.0009e+06
1.8327e+06 5.9243e+06
1.5986e+06 5.184e+06
1.6774e+06 5.5831e+06
1.6556e+06 5.721e+06
1.656e+06 5.4238e+06
1.5078e+06 5.0718e+06
1.7601e+06 6.2917e+06
1.6208e+06 5.7729e+06
1.8443e+06 5.9172e+06
1.4821e+06 4.9265e+06
1.598e+06 5.1068e+06
1.6476e+06 5.6908e+06
1.7195e+06 5.3926e+06
1.5242e+06 3.8866e+06
1.6727e+06 5.6561e+06
1.7164e+06 5.4012e+06
1.7369e+06 6.0391e+06
1.6921e+06 5.3305e+06
1.6554e+06 5.3107e+06
1.8325e+06 5.3428e+06
2.1307e+06 5.5974e+06
2.5257e+06 6.657e+06
2.4455e+06 6.9268e+06
2.3366e+06 6.2998e+06
2.4174e+06 6.912e+06
2.5773e+06 7.7388e+06
2.6847e+06 7.2965e+06
2.3674e+06 6.7493e+06
2.2951e+06 6.0645e+06
2.1051e+06 6.5295e+06
2.0556e+06 6.2142e+06
2.1573e+06 6.9917e+06
2.067e+06 6.8751e+06
1.8862e+06 6.3889e+06
3.4538e+06 1.1304e+07
1.9924e+06 6.1691e+06
1.9878e+06 6.5063e+06
2.1785e+06 7.404e+06
2.1296e+06 7.2669e+06
2.2638e+06 6.8913e+06
2.1462e+06 6.8001e+06
2.2897e+06 6.8283e+06
2.2645e+06 6.5241e+06
2.012e+06 6.7292e+06
2.0479e+06 6.2597e+06
2.1579e+06 6.6145e+06
2.328e+06 7.4264e+06
2.6683e+06 8.4464e+06
2.5339e+06 8.1426e+06
2.4991e+06 6.9913e+06
2.3961e+06 6.2322e+06
2.3411e+06 6.4555e+06
2.3704e+06 6.1638e+06
1.8787e+06 5.8928e+06
2.0776e+06 6.2356e+06
2.0003e+06 5.9008e+06
2.296e+06 7.2212e+06
2.2128e+06 6.7972e+06
2.2328e+06 7.3147e+06
2.47e+06 6.3786e+06
2.2602e+06 6.5722e+06
2.1071e+06 6.5631e+06
2.3609e+06 7.407e+06
2.3638e+06 7.2457e+06
2.2022e+06 7.7724e+06
2.1491e+06 7.3291e+06
2.4838e+06 8.4196e+06
2.0607e+06 7.0181e+06
2.737e+06 7.9231e+06
2.6235e+06 9.034e+06
2.5233e+06 8.1714e+06
2.7632e+06 8.4004e+06
2.7679e+06 8.4356e+06
2.2708e+06 5.901e+06
2.1982e+06 6.1862e+06
2.1447e+06 6.7942e+06
2.3371e+06 7.2305e+06
2.4065e+06 7.2744e+06
2.5955e+06 8.133e+06
2.6881e+06 8.4194e+06
2.5319e+06 7.8437e+06
2.4828e+06 8.0263e+06
2.4333e+06 7.9358e+06
2.5347e+06 8.4487e+06
2.6525e+06 9.3701e+06
